[  770.409        780.324        937.814        949.742
   977.03         989.79         991.514        991.579
  1025.722       1031.912       1037.613       1066.66
  1215.67        1238.821       1242.804       1260.422
  1264.73        1302.168       1334.532       1335.708
  1393.755       1397.232       1399.78        1402.77
  1486.496       1548.187       1550.772       1640.42
  1660.809       1666.15        1746.823       1748.656
  1854.716       1862.79        1892.03        1908.734
  2143.45514954  2321.66396129  2324.21352465  2325.40378783
  2649.49872759  2734.0980846   2783.52108791  2796.35221642
  2803.53096887  2830.1924903   2836.57405419  2854.5084552
  2869.05203042  2928.85678854  2945.96702679  3133.70193725
  3188.66679675  3204.0256785   3313.28239634  3346.78292963
  3426.8633875   3445.03904189  3467.48979645  3467.53580825
  3488.72524488  3587.3436126   3663.54328165  3687.88057537
  3692.60179692  3698.20924804  3704.91298322  3713.03308556
  3723.0036678   3727.0917268   3729.875448    3735.43088749
  3751.22398115  3759.98825382  3771.70829397  3798.98237322
  3836.47911569  3840.35912444  3869.85679723  3889.74897522
  3890.16608382  3892.38266099  3912.43788479  3968.59252683
  3971.20220783  4027.32786505  4069.74895704  4072.38964789
  4077.49998497  4102.89963297  4144.92964234  4180.03984711
  4181.77830306  4234.36410297  4228.38053196  4288.60035177
  4304.38650196  4318.35317489  4341.69131449  4364.43630066
  4413.53923244  4416.13891741  4418.07042635  4453.34772474
  4472.73383695  4490.44250828  4492.66509467  4512.175243
  4523.90233833  4557.17012247  4584.11924161  4585.12150644
  4630.63553678  4635.43780661  4641.93952595  4643.14984603
  4648.72131954  4651.55206824  4652.77239101  4659.35413196
  4687.02145214  4712.57821648  4741.44586007  4862.69099585
  4894.73649783  4904.43907268  4925.30161016  4960.29490145
  5008.23963773  5019.83972028  5086.18735885  5147.18358587
  5160.32708382  5170.47278428  5177.48164998  5199.02438528
  5201.70509905  5236.08225404  5237.51763637  5271.86678708
  5277.47028016  5277.84838091  5304.33543958  5310.58710587
  5318.09410688  5318.26315194  5336.66405735  5425.72781187
  5519.24177293  5539.41115913  5639.16481081  5678.57534592
  5697.50040601  5722.28703439  5756.1861015   5802.93861013
  5813.59146086  5877.252501    6048.11427014  6088.68514499
  6302.04637673  6313.80553291  6348.85494137  6365.53541957
  6371.22294659  6376.2723023   6517.88133689  6549.85892925
  6564.63189917  6585.27844794  6718.29420812  6732.66807364
  7004.16112755  7007.8021078   7067.14408596  7137.75710333
  7157.12932145  7172.59648795  7173.9768598   7238.41422016
  7239.25444656  7256.44707915  7264.76131953  7283.35533016
  7322.00674673  7332.74964218  7379.86234124  7413.20132877
  7454.59048776  7470.36674158  7613.09523511  7753.19303424
  7818.28660168  7870.35865701  7892.07051805  7893.9710311
  8239.05422664  8394.70328598  8415.62994182  8440.27460282
  8448.67987469  8469.58052412  8500.35484282  8504.81904959
  8544.43675962  8547.73065011  8581.05665997  8600.75398552
  8619.31700457  8664.51922705  8667.39900576  8682.66613418
  8705.6373461   8714.09563347  8752.87512105  8865.21550666
  8894.35138826  9017.38367426  9071.08920625  9231.54663132
  9533.71443645  9548.5874639   9826.82382202  9852.96090244
  9915.71790397 10030.47899731 10033.90992695 10052.12286198
 10289.54920504 10323.31835794 10339.24267423 10749.74396537
 10833.30662559 10941.08185427]