[ 2143.455  2321.664  2324.214  2325.404  2649.499  2734.098  2783.521
  2796.352  2803.531  2830.192  2836.574  2854.508  2869.052  2928.857
  2945.967  3133.702  3188.667  3204.026  3313.282  3346.783  3426.863
  3445.039  3467.49   3467.536  3488.725  3587.344  3663.543  3687.881
  3692.602  3698.209  3704.913  3713.033  3723.004  3727.092  3729.875
  3735.431  3751.224  3759.988  3771.708  3798.982  3836.479  3840.359
  3869.857  3890.166  3892.383  3912.438  3968.593  3971.202  4027.328
  4069.749  4072.39   4077.5    4102.9    4144.93   4180.04   4181.778
  4234.364  4228.381  4288.6    4304.387  4318.353  4341.691  4364.436
  4413.539  4416.139  4418.07   4453.348  4472.734  4490.443  4492.665
  4512.175  4523.902  4557.17   4584.119  4585.122  4630.636  4635.438
  4641.94   4643.15   4648.721  4651.552  4652.772  4659.354  4687.021
  4712.578  4741.446  4862.691  4894.736  4904.439  4925.302  4960.295
  5008.24   5019.84   5086.187  5147.184  5160.327  5170.473  5177.482
  5199.024  5201.705  5236.082  5237.518  5271.867  5277.47   5277.848
  5304.335  5310.587  5318.094  5318.263  5336.664  5425.728  5519.242
  5539.411  5639.165  5678.575  5697.5    5722.287  5756.186  5802.939
  5813.591  5877.253  6048.114  6088.685  6302.046  6313.806  6348.855
  6365.535  6371.223  6376.272  6517.881  6549.859  6564.632  6585.278
  6718.294  6732.668  7004.161  7007.802  7067.144  7137.757  7157.129
  7172.596  7173.977  7238.414  7239.254  7256.447  7264.761  7283.355
  7322.007  7332.75   7379.862  7413.201  7454.59   7470.367  7613.095
  7753.193  7818.287  7870.359  7892.071  7893.971  8239.054  8394.703
  8415.63   8440.275  8448.68   8469.581  8500.355  8504.819  8544.437
  8547.731  8581.057  8600.754  8619.317  8664.519  8667.399  8682.666
  8705.637  8714.096  8752.875  8865.216  8894.351  9017.384  9071.089
  9231.547  9533.714  9548.587  9826.824  9852.961  9915.718 10030.479
 10033.91  10052.123 10289.549 10323.318 10339.243 10749.744 10833.307
 10941.082]